-2.94920094810429
-3.90207605793932
-4.21543588526949
-4.38266643499638
-4.49222883133726
-4.57365227401869
-4.63898953974363
-4.69395278682676
-4.74165453733154
-4.78411348698014
-4.82298007649005
-4.85996687882932
-4.89717176781854
-4.93737914058562
-4.98438508701508
-5.04337376817853
-5.12135564581675
-5.22764864481393
-5.37432137606706
-5.57639823073338
-5.85143698489082
-6.21789577915552
-6.69176912929743
-7.28174485299588
-7.98468767634533
-8.78430450232662
-9.65446361070318
-10.5654317375283
-11.4896406783352
-12.4048955289055
-13.2950752216133
-14.1493871732943
-14.9611413696538
-15.7265720517436
-16.4438960149003
-17.1126249397812
-17.7330875101917
-18.3061068723092
-18.8327870056457
-19.3143732629026
-19.7521626289814
-20.1474470246486
-20.501478465305
-20.8154486253044
-21.090477865534
-21.3276104500115
-21.5278137844269
-21.6919802450695
-21.8209306565336
-21.9154188042383
-21.9761365879701
-22.0037195715056
-21.9987527848379
-21.9617767055813
-21.8932933955232
-21.7937728044233
-21.6636592812056
-21.5033783564596
-21.3133438825792
-21.0939656413334
-20.8456575552528
-20.5688466707898
-20.2639831193477
-19.9315513080998
-19.5720826463452
-19.1861701737652
-18.7744855206663
-18.3377986894084
-17.8770011869441
-17.3931330381072
-16.8874141332813
-16.3612801620831
-15.8164229885645
-15.2548346481158
-14.6788530985817
-14.0912063601055
-13.4950497135607
-12.8939883181699
-12.2920753188306
-11.6937739480431
-11.1038723533318
-10.5273431466995
-9.96914690773885
-9.43398989417352
-8.92605897087463
-8.44876726765328
-8.00454758385712
-7.59472389693297
-7.21947496952117
-6.87788224956239
-6.56803263297044
-6.28712816881777
-6.03153558127311
-5.79667227309941
-5.57652722344169
-5.36231909176198
-5.13881654810101
-4.87313971942095
-4.47332337993944
-3.4440081910857
