-13.013695579915
-15.8173242741085
-16.5945197118874
-18.3489018488062
-18.4966964007771
-20.0188960938949
-21.1338105329192
-21.661299279018
-22.1261710275691
-22.9208042204955
-23.4577491791033
-24.5073797879919
-24.1568015229036
-25.8832490748518
-26.4602537641994
-26.2297788340901
-26.515266393243
-27.4674579054829
-27.6478657692265
-29.0175298976087
-27.8878578994463
-27.9734985107158
-28.5539260440244
-28.9797265864911
-29.6753990534222
-29.2005032317272
-29.2373757260356
-29.3854957676582
-29.8129683308579
-29.9598949470179
-30.1647304098854
-31.1571074314925
-30.1837003725187
-30.4323957843252
-31.7115460260835
-30.7520770736195
-30.5871370009467
-31.6192484748009
-31.7382048749673
-30.7039562753036
-32.2813894793769
-31.9408960569737
-31.6612921249471
-32.0894399203573
-31.3102937628281
-31.6559042140962
-32.0722990922631
-32.9807909454337
-32.9189015603969
-32.5740223440819
-32.3142927004489
-33.5657495561544
-33.4870253449259
-32.6797585018827
-32.0528224290899
-32.5410771601033
-32.8749389780274
-32.3125723548042
-33.0281594505392
-33.4375594420986
-34.7254207517751
-33.3950897298515
-33.3151539673856
-33.0810449364155
-33.3368754728851
-32.427787925704
-32.684496290624
-32.0597120422109
-33.0863115154024
-32.5647358765011
-33.3111823442882
-32.2865869292417
-32.3183796518463
-31.9494526537497
-32.6157052113584
-31.7242402565876
-31.2791656968453
-30.847410115547
-30.896249589358
-30.1427199631429
-30.0821112936141
-29.3022441645422
-29.3133017937875
-28.9242980367397
-28.5405993041941
-28.4139400056196
-27.4739483773616
-27.5416802609152
-26.8695367543692
-25.9485987702945
-24.992339004917
-25.2316021187575
-24.4540093981095
-23.8940389402971
-23.1497685128595
-23.1494524000715
-22.6721734122062
-21.1713574932966
-20.9385180196437
-20.3926988259977
-19.2020838114058
-17.831595856823
-17.9162398142028
-16.9495677795219
-16.3923583983805
-16.1964146347366
-14.7644099245825
-14.2899258338136
-13.8604494610723
-13.2390421441866
-11.7720481128479
-11.6359610512027
-10.0890888562945
-10.4198983280236
-9.78457761510203
-8.82451008323897
-8.5516490136165
-7.30986634786521
-7.29771051381979
-7.45655057713135
-6.86990810441489
-5.88730119408132
-6.04618008641574
-5.71187513383856
-5.46621126623934
-4.69140566528767
-4.71724102482882
