-11.7280447174821
-12.753874851774
-15.2616793580531
-15.2198035270296
-16.6711047701398
-18.1715288911252
-17.9521157799234
-19.7458176716872
-20.6801992643001
-21.2756794299299
-21.1658825853589
-22.4830212368099
-22.2174288446739
-22.4472512250028
-22.936308660406
-23.0505133755073
-23.4806929924512
-24.4587891054742
-24.2235251237199
-24.101691859298
-24.6330302892871
-25.1558257450804
-24.8488100632752
-24.4404649646722
-26.0777448402616
-25.5354736778998
-25.2606341936611
-25.5780041545972
-25.944660408704
-26.370103931886
-26.1183548589735
-25.5537551458629
-26.851089513004
-26.8769482664107
-26.8446296878586
-28.1078415881427
-27.6750054145742
-26.9225639043847
-27.9034901515255
-27.4636761329478
-26.8991506545254
-28.9409691152533
-28.5450571883793
-28.4766007158001
-27.4689908187234
-28.4593154930084
-27.8109041425571
-28.672698186024
-28.182296627406
-27.3449687871936
-29.1093843979303
-28.2252920162803
-28.8414217635533
-28.4333006920584
-28.8563597792719
-28.393771634504
-29.6406638163152
-28.7728275321809
-29.8240716913548
-27.9968383730527
-28.4526881875639
-28.4119265898774
-29.5363147500765
-29.4033131959105
-30.0296270328733
-29.053707805575
-28.5641975709898
-28.6964538640372
-28.3315641891843
-28.467364694152
-28.520170321167
-27.6615434853045
-28.1119025971111
-27.2584826877245
-28.2080082481124
-26.9598305970673
-27.6121532328751
-26.9334355080019
-26.4890067659932
-26.7701994751331
-25.6860537476806
-26.8830292134201
-25.083627908175
-25.6258743896379
-23.8725021069234
-25.6550057854834
-23.9085077404314
-24.9536619167775
-22.2263496149721
-23.4056388353102
-22.8052483430928
-22.6590474869316
-22.2682164462292
-21.4685273095768
-19.990619093747
-20.6546355435644
-19.830511237528
-18.9248577816487
-19.2005321884873
-17.210848486751
-16.6013163031476
-17.0197947735704
-16.6647941968513
-14.6918455512592
-14.5452613407166
-13.8789231935086
-12.9425422333806
-12.6993828808514
-12.1167516298429
-11.7089994715919
-10.7371459801447
-9.88946199250392
-9.59339607917837
-8.5483057353925
-8.11870020044874
-6.88181928016001
-7.86569152664649
-6.87231590102681
-6.58255637761602
-5.46637290065491
-5.91313982879854
-6.12349408624743
-4.49207481553769
-4.59554044382766
-5.03293910826229
-3.76598053011546
-3.36828781789859
