-2.51764893658311
-3.20410109570951
-4.35594531879838
-4.1003416930113
-5.13052763274693
-3.38859982406553
-4.78086453125902
-5.38687548244271
-4.11994254492482
-5.45026175640786
-4.71002929282187
-4.47935963805897
-4.85715164869708
-4.34155480401864
-5.27762381468967
-4.71187951897773
-4.42575341609464
-4.43212696223737
-5.19144124841383
-4.67481415099025
-5.66364567328669
-6.5833434627836
-5.34968966805999
-6.82739451425696
-7.53771051191549
-8.54290079958351
-9.95348023081509
-10.558879833985
-11.9673412176891
-12.6592549184756
-13.550539136825
-14.2345091382837
-15.1346411388279
-15.2746217291875
-16.1097216269075
-17.5327233971469
-17.8633593905908
-17.9611443824029
-18.8314387964353
-19.7199904885512
-20.0118904918667
-20.5679043429021
-21.1174121018047
-20.4762023048689
-21.1609943782149
-20.4693519541931
-21.7799799715816
-21.8402398639737
-21.7152371726705
-21.5858361773374
-21.6408528280935
-21.9233091610298
-21.930857331562
-22.4099939666367
-21.4517821899002
-22.6009094603496
-20.4226509075113
-20.8386616280605
-22.0031362607524
-21.3122306257134
-20.9580597397466
-20.2118760704686
-19.4443325620443
-19.6199549798677
-19.5059314339258
-18.0908447295103
-18.8446235827332
-18.3244595764711
-17.8111526885848
-17.3077773378767
-17.2738920650188
-16.056304748518
-15.2756545833056
-15.6086591260664
-14.0291098570571
-14.0127191426568
-12.9563188716859
-12.8787577501892
-12.7164471257865
-11.5137745854831
-10.0888882650818
-10.931572473592
-10.0357052190163
-9.66549752537601
-9.81473028473348
-8.49172738760631
-8.02676307524807
-6.92191144039927
-7.68782952586556
-7.17312941784321
-6.50498834603261
-5.93783557649507
-5.87023923152594
-4.4247496925892
-4.10864599308071
-5.06583930823063
-5.67338310490197
-4.97000065936532
-4.03942473041222
-3.5091480511557
