-13.7864881375952
-15.6110743259289
-17.0105514092186
-18.1937663783498
-19.2366086372881
-20.1742486317416
-21.0272194901524
-21.8090622833144
-22.5294244758554
-23.1955627469445
-23.8131626825311
-24.3868249278312
-24.9203723608441
-25.4170540882032
-25.8796864953957
-26.3107540782571
-26.7124835557718
-27.0868996183456
-27.4358676558927
-27.7611269758102
-28.0643168619422
-28.346997069484
-28.6106638434212
-28.8567621998577
-29.0866949671618
-29.3018289153081
-29.5034981880573
-29.6930051826037
-29.8716189887478
-30.0405715008842
-30.201051348466
-30.3541958509728
-30.5010812869408
-30.6427118658878
-30.7800078964849
-30.9137937407566
-31.0447862173243
-31.1735841517557
-31.3006597566243
-31.4263524509358
-31.5508655986792
-31.6742664684064
-31.7964895067309
-31.9173428006065
-32.036517400067
-32.1535990062515
-32.2680814145914
-32.3793810475236
-32.4868519141215
-32.5898003874749
-32.687499281546
-32.7792008225458
-32.8641482310508
-32.9415857479126
-33.0107670406356
-33.0709620120732
-33.121462097954
-33.1615841843846
-33.1906733032219
-33.2081042751578
-33.2132824708893
-33.2056438531112
-33.1846544491389
-33.1498093880695
-33.1006316193516
-33.0366704127351
-32.9574997237188
-32.8627164943253
-32.7519389466108
-32.6248049158528
-32.4809702618491
-32.3201073901065
-32.1419039097789
-31.9460614519047
-31.7322946696506
-31.5003304418098
-31.2499073016265
-30.980775115097
-30.6926950362049
-30.3854397711102
-30.0587941891808
-29.7125563260066
-29.346538832281
-28.960570932789
-28.5545009718193
-28.1281996352138
-27.6815639550257
-27.2145222202742
-26.7270399363142
-26.2191269952727
-25.6908462397935
-25.1423236202018
-24.5737601583533
-23.9854459356311
-23.3777763116199
-22.7512705451681
-22.1065929189575
-21.4445763467883
-20.7662482503853
-20.072858207722
-19.3659064757389
-18.6471719604653
-17.9187375455318
-17.183009923772
-16.4427302817166
-15.700971505647
-14.9611172304039
-14.2268183241686
-13.5019235942617
-12.7903838227743
-12.0961316769897
-11.4229442000366
-10.7742986698029
-10.1532355339048
-9.56224284822349
-9.00317460395931
-8.47721074992328
-7.98486061341308
-7.52600521172285
-7.09996884100445
-6.70560667560619
-6.34139146575257
-6.00547243634127
-5.69563459967379
-5.40882339798251
-5.13727286889377
-4.69136939104219
