-3.22019359191547
-4.19170312213955
-4.51896018819078
-4.69849739408669
-4.81999725571375
-4.9134864585154
-4.99126363131187
-5.05919438106137
-5.12051123165655
-5.17734494943551
-5.23146333920729
-5.28470992308225
-5.3393332840338
-5.39829351801418
-5.46559223735124
-5.54665375847278
-5.64876859291661
-5.78158118317282
-5.95754251108322
-6.19212944898914
-6.50344268431461
-6.91059576062062
-7.430356406902
-8.0722541789658
-8.83392236386118
-9.69954422702465
-10.6429737213538
-11.6339082060246
-12.643749775628
-13.6489956685189
-14.6321194801926
-15.5809569313698
-16.4875552502243
-17.3470276618273
-18.1566181436657
-18.9150062515797
-19.6218155989656
-20.2772759329172
-20.8819945957978
-21.4368036071098
-21.9426582346983
-22.4005703745757
-22.8115653999807
-23.1766548304505
-23.4968196748993
-23.7730009869913
-24.0060953018135
-24.1969533828495
-24.3463812207861
-24.4551425729298
-24.5239625686164
-24.5535320683048
-24.5445125763466
-24.497541586067
-24.4132382919111
-24.2922096447154
-24.1350567581375
-23.9423817009615
-23.7147947345371
-23.4529220795717
-23.1574143241006
-22.8289556166207
-22.4682738266696
-22.0761519005748
-21.6534406926958
-21.201073610576
-20.7200834715582
-20.2116220198991
-19.6769825821684
-19.1176263206937
-18.53521244396
-17.9316324981482
-17.3090484278512
-16.6699333745031
-16.017113092334
-15.3538043389479
-14.6836446451797
-14.010705636433
-13.3394799598151
-12.6748305968419
-12.0218919757154
-11.3859160382893
-10.7720640798907
-10.1851564121257
-9.62940447376097
-9.10815985465029
-8.62371716105144
-8.1771998423671
-7.76854085289335
-7.39654787296231
-7.05902140740019
-6.75287615466769
-6.47419736166605
-6.21812767429129
-5.97838045491112
-5.7458749103564
-5.50499694252207
-5.22223759163812
-4.80428253971756
-3.75254470148497
