-12.0029105849072
-13.726295513719
-15.0243373045694
-16.1076495178196
-17.0528850672296
-17.8956632303709
-18.6568053702117
-19.3500429186974
-19.9851475725103
-20.569452285896
-21.1086822361625
-21.6074483728921
-22.0695596464098
-22.4982305660723
-22.8962248234804
-23.2659580231008
-23.6095732287944
-23.9289978251866
-24.2259871440326
-24.5021584472074
-24.759017683772
-24.997980672873
-25.2203898508385
-25.4275273685659
-25.6206250797384
-25.8008717886539
-25.9694180086006
-26.1273784058833
-26.2758320638018
-26.4158206909119
-26.5483449157598
-26.6743588528634
-26.7947631877193
-26.9103971057284
-27.0220294723874
-27.1303497488605
-27.23595918561
-27.3393628647502
-27.440963148974
-27.5410550354461
-27.6398238073058
-27.7373452306514
-27.8335883747831
-27.9284209561597
-28.021616941469
-28.1128660099609
-28.2017843824303
-28.2879264800388
-28.3707968796781
-28.4498620770656
-28.5245616435268
-28.5943184551171
-28.6585477714593
-28.7166650364618
-28.7680923567829
-28.8122636823018
-28.8486287643812
-28.8766560028263
-28.8958343130144
-28.9056741532509
-28.9057078518133
-28.8954893660574
-28.8745935947152
-28.8426153510233
-28.7991680900531
-28.7438824695989
-28.6764048109364
-28.5963955141027
-28.5035274722876
-28.3974845215436
-28.2779599552847
-28.1446551278867
-27.9972781680107
-27.8355428199525
-27.6591674302695
-27.4678740970862
-27.2613880007847
-27.0394369372266
-26.8017510782575
-26.5480629890578
-26.278107938027
-25.991624542431
-25.6883558021704
-25.3680505849096
-25.0304656386357
-24.6753682226778
-24.3025394654477
-23.9117785767317
-23.5029080641601
-23.0757801271293
-22.6302844261464
-22.166357449812
-21.6839937229965
-21.1832591142752
-20.6643065025097
-20.1273940430306
-19.5729062212951
-19.0013777801754
-18.413520435914
-17.8102520332365
-17.1927274066832
-16.5623696910966
-15.9209001505102
-15.2703637899865
-14.6131471447763
-13.9519838394037
-13.2899429930536
-12.6303956112838
-11.9769550731784
-11.3333899543863
-10.7035107601606
-10.0910363508528
-9.49945016061162
-8.93185964349166
-8.39087362277296
-7.87851068927773
-7.39614759151367
-6.94451060451997
-6.52370655317474
-6.13328476768923
-5.7723172101481
-5.43947999462539
-5.13310926925056
-4.85115946918814
-4.59072921481549
-4.34419971616
-3.92239175998782
