-3.83717504156407
-5.0810370811155
-4.38351638176832
-4.87002611035747
-4.12622838094691
-5.17026516901429
-4.142555934523
-4.81225981118545
-5.88033395066358
-4.82980148505175
-4.87354795884277
-5.14559904812193
-4.92704539513307
-5.64713846841237
-5.40110562789117
-5.80157011127337
-5.52416720774974
-5.72516904317886
-5.88020082798043
-5.5838454765477
-6.55516225603759
-7.9505291222245
-8.68559436499638
-7.58609172516458
-8.91773812109224
-8.4323119344103
-10.3147192690741
-11.6166556538826
-12.4524437739162
-13.817374780118
-14.2391469756003
-16.0439136182192
-16.0236473090477
-17.2809495914606
-17.9315204565467
-19.365994441334
-19.3236225490898
-20.3680267459838
-20.9484759580883
-22.701146336244
-22.5835233099034
-22.4375934754836
-23.0944038440383
-24.1331367371252
-23.4242272912228
-24.026791477272
-24.5821147426292
-24.0002211445583
-24.3498250050012
-23.6691688139243
-24.1957567379955
-25.5378014688287
-24.8420441543307
-24.0377263022594
-24.8690240868565
-24.2842756154123
-24.5343241100533
-23.1333430126875
-24.4744466238706
-23.5288253312735
-22.4725743713582
-22.9936143305424
-22.130358459864
-21.987229569802
-21.972403070499
-20.2161347844652
-20.5227396951325
-20.4243912512482
-19.1789413934685
-18.8428283495616
-18.2516586181892
-17.8185193803655
-17.2172236214319
-16.5823868600048
-15.652164824609
-15.4798629194037
-15.198099879371
-14.1956263561098
-12.9227551505542
-12.8241319099718
-12.5682530319995
-12.9058892750817
-10.7835972344738
-10.3943109435725
-10.1504854732904
-9.76744786640496
-9.2077388353249
-8.69104013674693
-8.27831289085294
-6.94807855392838
-7.10619773183166
-6.65066501516422
-6.94409447852322
-5.51499039384626
-6.19840397710491
-5.85963658650214
-5.30277194230218
-4.57970131143681
-3.8566458481451
-3.30492417260852
