0
39.6825396825397
79.3650793650794
119.047619047619
158.730158730159
198.412698412698
238.095238095238
277.777777777778
317.460317460317
357.142857142857
396.825396825397
436.507936507937
476.190476190476
515.873015873016
555.555555555556
595.238095238095
634.920634920635
674.603174603175
714.285714285714
753.968253968254
793.650793650794
833.333333333333
873.015873015873
912.698412698413
952.380952380952
992.063492063492
1031.74603174603
1071.42857142857
1111.11111111111
1150.79365079365
1190.47619047619
1230.15873015873
1269.84126984127
1309.52380952381
1349.20634920635
1388.88888888889
1428.57142857143
1468.25396825397
1507.93650793651
1547.61904761905
1587.30158730159
1626.98412698413
1666.66666666667
1706.34920634921
1746.03174603175
1785.71428571429
1825.39682539683
1865.07936507937
1904.7619047619
1944.44444444444
1984.12698412698
2023.80952380952
2063.49206349206
2103.1746031746
2142.85714285714
2182.53968253968
2222.22222222222
2261.90476190476
2301.5873015873
2341.26984126984
2380.95238095238
2420.63492063492
2460.31746031746
2500
2539.68253968254
2579.36507936508
2619.04761904762
2658.73015873016
2698.4126984127
2738.09523809524
2777.77777777778
2817.46031746032
2857.14285714286
2896.8253968254
2936.50793650794
2976.19047619048
3015.87301587302
3055.55555555556
3095.2380952381
3134.92063492063
3174.60317460317
3214.28571428571
3253.96825396825
3293.65079365079
3333.33333333333
3373.01587301587
3412.69841269841
3452.38095238095
3492.06349206349
3531.74603174603
3571.42857142857
3611.11111111111
3650.79365079365
3690.47619047619
3730.15873015873
3769.84126984127
3809.52380952381
3849.20634920635
3888.88888888889
3928.57142857143
3968.25396825397
4007.93650793651
4047.61904761905
4087.30158730159
4126.98412698413
4166.66666666667
4206.34920634921
4246.03174603175
4285.71428571429
4325.39682539683
4365.07936507936
4404.7619047619
4444.44444444444
4484.12698412698
4523.80952380952
4563.49206349206
4603.1746031746
4642.85714285714
4682.53968253968
4722.22222222222
4761.90476190476
4801.5873015873
4841.26984126984
4880.95238095238
4920.63492063492
4960.31746031746
5000
