0
50.5050505050505
101.010101010101
151.515151515152
202.020202020202
252.525252525253
303.030303030303
353.535353535354
404.040404040404
454.545454545455
505.050505050505
555.555555555556
606.060606060606
656.565656565657
707.070707070707
757.575757575758
808.080808080808
858.585858585859
909.090909090909
959.59595959596
1010.10101010101
1060.60606060606
1111.11111111111
1161.61616161616
1212.12121212121
1262.62626262626
1313.13131313131
1363.63636363636
1414.14141414141
1464.64646464646
1515.15151515152
1565.65656565657
1616.16161616162
1666.66666666667
1717.17171717172
1767.67676767677
1818.18181818182
1868.68686868687
1919.19191919192
1969.69696969697
2020.20202020202
2070.70707070707
2121.21212121212
2171.71717171717
2222.22222222222
2272.72727272727
2323.23232323232
2373.73737373737
2424.24242424242
2474.74747474747
2525.25252525253
2575.75757575758
2626.26262626263
2676.76767676768
2727.27272727273
2777.77777777778
2828.28282828283
2878.78787878788
2929.29292929293
2979.79797979798
3030.30303030303
3080.80808080808
3131.31313131313
3181.81818181818
3232.32323232323
3282.82828282828
3333.33333333333
3383.83838383838
3434.34343434343
3484.84848484848
3535.35353535354
3585.85858585859
3636.36363636364
3686.86868686869
3737.37373737374
3787.87878787879
3838.38383838384
3888.88888888889
3939.39393939394
3989.89898989899
4040.40404040404
4090.90909090909
4141.41414141414
4191.91919191919
4242.42424242424
4292.92929292929
4343.43434343434
4393.93939393939
4444.44444444444
4494.94949494949
4545.45454545455
4595.9595959596
4646.46464646465
4696.9696969697
4747.47474747475
4797.9797979798
4848.48484848485
4898.9898989899
4949.49494949495
5000
