-10.6699263773826
104.398430202746
219.106511471561
332.507176895865
443.655827362916
551.623535896989
655.510319503595
754.458322422328
847.664674804615
934.393789351346
1013.98886195324
1085.88235096346
1149.6052233647
1204.79477461211
1251.20085205563
1288.69033916282
1317.24978875529
1336.98612751428
1348.12539038678
1351.00948144714
1346.0909963964
1333.92618033963
1315.16613188477
1290.54640008405
1260.87515345485
1227.02012949522
1189.89459805226
1150.44259201221
1109.62367357532
1068.39751350335
1027.70856396604
988.471102893616
951.554919139857
917.771893493018
887.863710995593
862.490915633208
842.223489825422
827.533108993155
818.787186562932
816.244787928944
820.054453996568
830.253936853823
846.771812727336
869.430901510116
897.953388578674
931.96751405197
971.015667699386
1014.56370489064
1062.01128069434
1112.70298574951
1165.94005900714
1220.99244889309
1277.11099578525
1333.53951471805
1389.52656761263
1444.33672867546
1497.26116442733
1547.62737057181
1594.80793099381
1638.22818897381
1677.37274657829
1711.79073451414
1741.09982090763
1764.98895291597
1783.21984927787
1795.62728439474
1802.11822490853
1802.66989768247
1797.32688334897
1786.19734199765
1769.448487045
1747.30142983954
1720.02552116936
1687.93231666997
1651.36929135783
1610.71342436175
1566.36476865529
1518.74011250145
1468.26682971975
1415.37700509978
1360.50190963993
1304.06688810482
1246.48670897605
1188.16141450225
1129.47269649682
1070.78081201444
1012.4220422568
954.706688177371
897.91758739973
842.309129326509
788.106738752474
735.506792931351
684.676932876282
635.756726667007
588.858640638328
544.069273459962
501.450808197879
461.042638370192
422.863125667013
386.911449279568
353.169509563731
321.603851933708
292.167580333115
264.802233260443
239.439599038659
216.003450729046
194.411184722058
174.575350528563
156.405062590042
139.807287983792
124.688006687038
110.953243560334
98.509973403129
87.2669023184232
77.1351302021799
68.0287004556645
59.8650440196505
52.5653255669617
46.0547001858079
40.2624891646742
35.1222835753243
30.5719842695068
26.5537866827959
23.0141185005488
19.9035378099147
17.1765988603438
14.7916920034368
