98.5111441238036
98.0286532671071
97.412645575718
96.634517559388
95.6624411713733
94.4620535540149
92.9976374803605
91.2339109614556
89.1385429287792
86.6854994380312
83.8592985451212
80.660209310217
77.1103695080609
73.2607170436113
69.1985330304566
65.0552834307579
61.0143270613641
57.3179392897619
54.2729940428458
52.2545650241966
51.706664624783
53.1393501547809
57.1215042694265
64.2687488762803
75.2261831452655
90.6459432760255
111.15995299411
137.348649193686
169.706898178393
208.608729037202
254.2728617651
306.731257651874
365.803030160261
431.075995551075
501.897895419861
577.378885257738
656.406269351395
737.67170673073
819.71026677202
900.949841704586
979.768600413995
1054.55746900017
1123.78411791746
1186.05467890418
1240.16944265344
1285.16911042052
1320.3687720847
1345.37761520771
1360.10336662939
1364.74154535611
1359.75066950006
1345.81551820902
1323.80131959707
1294.70225409246
1259.58789086513
1219.55110316235
1175.66065543327
1128.92106606266
1080.24158977496
1030.41531151189
980.108481130102
929.859423335465
880.085695356986
831.097683389995
783.116553734061
736.294409421831
690.734630944325
646.510666514814
603.681937627913
562.305988231093
522.446479638009
484.17707282713
447.581608865261
412.751272639776
379.779593372653
348.756198104461
319.760202285813
292.854013154608
268.078159540709
245.447570368908
224.94952637598
206.543324967901
190.161541494347
175.712650890353
163.08469568233
152.149649116616
142.768121258592
134.794084401247
128.079343746726
122.477541567073
117.847550028878
114.056172957173
110.980135008225
108.507384737209
106.537774242526
104.983202208664
103.767320111391
102.824904697094
102.100995621482
101.549887478331
